Size: 1000
    1577    1581    1476     230     173
      76     147      77     214     307
    3349     182     310     324     316
    2327    1636       0   32519       0
    1960    1561       0       0       0
      55      70       0       0       0
    3831      80       0       0       0

Size: 5000
    7374   18642    6872     377     282
      72     231      92     288     431
   16176     154     436     592     508
   11478    9412       0  191383       0
    9032    7948       0       0       0
      54      84       0       0       0
   18496      91       0       0       0

Size: 10000
   14599   51047   15078     485     361
      69     241      89     323     537
   32196     204     563     854     603
   20736   28696       0  507356       0
   20043   20452       0       0       0
      59      99       0       0       0
   36485     101       0       0       0

Size: 25000
   38939  159586   31993     804     625
      77     360     122     501     973
   80781     225     711    1380     965
   50358   73190       0 1932301       0
   47677   49653       0       0       0
      75     132       0       0       0
   90272     109       0       0       0

Size: 50000
   71747  346364   72587    1497    1201
      71     610     202     940    2758
  161497     200     819    3133    1490
  116700  157457       0 7363394       0
   89206  128609       0       0       0
      63     178       0       0       0
  181830     113       0       0       0